FID;Id;Latitude;Longitude
0;0;-2260670,0000000;-251187,0000000
1;0;-2260730,0000000;-251104,0000000
2;0;-2260780,0000000;-251021,0000000
3;0;-2260840,0000000;-250938,0000000
4;0;-2260890,0000000;-250854,0000000
5;0;-2260950,0000000;-250771,0000000
6;0;-2261000,0000000;-250688,0000000
7;0;-2261060,0000000;-250605,0000000
8;0;-2261120,0000000;-250522,0000000
9;0;-2261170,0000000;-250438,0000000
10;0;-2261230,0000000;-250355,0000000
11;0;-2261280,0000000;-250272,0000000
12;0;-2261340,0000000;-250189,0000000
13;0;-2261390,0000000;-250106,0000000
14;0;-2261460,0000000;-250031,0000000
15;0;-2261530,0000000;-249960,0000000
16;0;-2261600,0000000;-249890,0000000
17;0;-2261670,0000000;-249819,0000000
18;0;-2261740,0000000;-249748,0000000
19;0;-2261810,0000000;-249678,0000000
20;0;-2261880,0000000;-249607,0000000
21;0;-2261950,0000000;-249536,0000000
22;0;-2262030,0000000;-249465,0000000
23;0;-2262100,0000000;-249395,0000000
24;0;-2262170,0000000;-249324,0000000
25;0;-2262240,0000000;-249253,0000000
26;0;-2262310,0000000;-249183,0000000
27;0;-2262380,0000000;-249112,0000000
28;0;-2262450,0000000;-249041,0000000
29;0;-2262520,0000000;-248970,0000000
30;0;-2262590,0000000;-248900,0000000
31;0;-2262660,0000000;-248829,0000000
32;0;-2262730,0000000;-248758,0000000
33;0;-2262800,0000000;-248688,0000000
34;0;-2262870,0000000;-248617,0000000
35;0;-2262940,0000000;-248546,0000000
36;0;-2263020,0000000;-248475,0000000
37;0;-2263090,0000000;-248405,0000000
38;0;-2263160,0000000;-248334,0000000
39;0;-2263230,0000000;-248263,0000000
40;0;-2263300,0000000;-248193,0000000
41;0;-2263370,0000000;-248122,0000000
42;0;-2263440,0000000;-248051,0000000
43;0;-2263510,0000000;-247981,0000000
44;0;-2263580,0000000;-247910,0000000
45;0;-2263650,0000000;-247839,0000000
46;0;-2263720,0000000;-247768,0000000
47;0;-2263790,0000000;-247698,0000000
48;0;-2263860,0000000;-247627,0000000
49;0;-2263930,0000000;-247556,0000000
50;0;-2264010,0000000;-247486,0000000
51;0;-2264080,0000000;-247415,0000000
52;0;-2264150,0000000;-247344,0000000
53;0;-2264220,0000000;-247273,0000000
54;0;-2264290,0000000;-247203,0000000
55;0;-2264360,0000000;-247132,0000000
56;0;-2264430,0000000;-247061,0000000
57;0;-2264500,0000000;-246991,0000000
58;0;-2264570,0000000;-246920,0000000
59;0;-2264640,0000000;-246849,0000000
60;0;-2264710,0000000;-246778,0000000
61;0;-2264780,0000000;-246708,0000000
62;0;-2264850,0000000;-246637,0000000
63;0;-2264920,0000000;-246566,0000000
64;0;-2264990,0000000;-246496,0000000
65;0;-2265070,0000000;-246425,0000000
66;0;-2265140,0000000;-246354,0000000
67;0;-2265210,0000000;-246283,0000000
68;0;-2265280,0000000;-246213,0000000
69;0;-2265350,0000000;-246142,0000000
70;0;-2265420,0000000;-246071,0000000
71;0;-2265490,0000000;-246001,0000000
72;0;-2265560,0000000;-245930,0000000
73;0;-2265630,0000000;-245859,0000000
74;0;-2265720,0000000;-245807,0000000
75;0;-2265800,0000000;-245758,0000000
76;0;-2265890,0000000;-245708,0000000
77;0;-2265980,0000000;-245658,0000000
78;0;-2266060,0000000;-245609,0000000
79;0;-2266150,0000000;-245559,0000000
80;0;-2266240,0000000;-245509,0000000
81;0;-2266320,0000000;-245460,0000000
82;0;-2266410,0000000;-245410,0000000
83;0;-2266500,0000000;-245361,0000000
84;0;-2266580,0000000;-245305,0000000
85;0;-2266640,0000000;-245227,0000000
86;0;-2266710,0000000;-245150,0000000
87;0;-2266770,0000000;-245072,0000000
88;0;-2266830,0000000;-244995,0000000
89;0;-2266900,0000000;-244918,0000000
90;0;-2266960,0000000;-244840,0000000
91;0;-2267020,0000000;-244763,0000000
92;0;-2267090,0000000;-244685,0000000
93;0;-2267150,0000000;-244608,0000000
94;0;-2267210,0000000;-244531,0000000
95;0;-2267280,0000000;-244453,0000000
96;0;-2267340,0000000;-244376,0000000
97;0;-2267400,0000000;-244299,0000000
98;0;-2267470,0000000;-244221,0000000
99;0;-2267530,0000000;-244144,0000000
100;0;-2267590,0000000;-244066,0000000
101;0;-2267660,0000000;-243989,0000000
102;0;-2267720,0000000;-243912,0000000
103;0;-2267780,0000000;-243834,0000000
104;0;-2267850,0000000;-243757,0000000
105;0;-2267910,0000000;-243679,0000000
106;0;-2267970,0000000;-243602,0000000
107;0;-2268040,0000000;-243525,0000000
108;0;-2268100,0000000;-243447,0000000
109;0;-2268160,0000000;-243370,0000000
110;0;-2268230,0000000;-243292,0000000
111;0;-2268290,0000000;-243215,0000000
112;0;-2268350,0000000;-243138,0000000
113;0;-2268420,0000000;-243060,0000000
114;0;-2268480,0000000;-242983,0000000
115;0;-2268540,0000000;-242905,0000000
116;0;-2268610,0000000;-242828,0000000
117;0;-2268660,0000000;-242747,0000000
118;0;-2268700,0000000;-242654,0000000
119;0;-2268740,0000000;-242561,0000000
120;0;-2268770,0000000;-242468,0000000
121;0;-2268810,0000000;-242375,0000000
122;0;-2268850,0000000;-242282,0000000
123;0;-2268880,0000000;-242189,0000000
124;0;-2268920,0000000;-242096,0000000
125;0;-2268960,0000000;-242003,0000000
126;0;-2268990,0000000;-241910,0000000
127;0;-2269030,0000000;-241817,0000000
128;0;-2269070,0000000;-241724,0000000
129;0;-2269100,0000000;-241631,0000000
130;0;-2269140,0000000;-241538,0000000
131;0;-2269180,0000000;-241445,0000000
132;0;-2269210,0000000;-241352,0000000
133;0;-2269250,0000000;-241259,0000000
134;0;-2269290,0000000;-241166,0000000
135;0;-2269320,0000000;-241073,0000000
136;0;-2269360,0000000;-240980,0000000
137;0;-2269400,0000000;-240887,0000000
138;0;-2269430,0000000;-240794,0000000
139;0;-2269470,0000000;-240701,0000000
140;0;-2269510,0000000;-240608,0000000
141;0;-2269540,0000000;-240515,0000000
142;0;-2269580,0000000;-240422,0000000
143;0;-2269620,0000000;-240329,0000000
144;0;-2269650,0000000;-240236,0000000
145;0;-2269690,0000000;-240143,0000000
146;0;-2269730,0000000;-240050,0000000
147;0;-2269760,0000000;-239957,0000000
148;0;-2269800,0000000;-239864,0000000
149;0;-2269840,0000000;-239771,0000000
150;0;-2269870,0000000;-239678,0000000
151;0;-2269910,0000000;-239585,0000000
152;0;-2269950,0000000;-239492,0000000
153;0;-2269980,0000000;-239399,0000000
154;0;-2270020,0000000;-239306,0000000
155;0;-2270060,0000000;-239213,0000000
156;0;-2270090,0000000;-239119,0000000
157;0;-2270130,0000000;-239026,0000000
158;0;-2270170,0000000;-238933,0000000
159;0;-2270200,0000000;-238840,0000000
160;0;-2270240,0000000;-238747,0000000
161;0;-2270280,0000000;-238654,0000000
162;0;-2270320,0000000;-238561,0000000
163;0;-2270350,0000000;-238468,0000000
164;0;-2270390,0000000;-238375,0000000
165;0;-2270430,0000000;-238282,0000000
166;0;-2270460,0000000;-238189,0000000
167;0;-2270500,0000000;-238096,0000000
168;0;-2270540,0000000;-238003,0000000
169;0;-2270570,0000000;-237910,0000000
170;0;-2270610,0000000;-237817,0000000
171;0;-2270650,0000000;-237724,0000000
172;0;-2270680,0000000;-237631,0000000
173;0;-2270720,0000000;-237538,0000000
174;0;-2270760,0000000;-237445,0000000
175;0;-2270790,0000000;-237352,0000000
176;0;-2270830,0000000;-237259,0000000
177;0;-2270870,0000000;-237166,0000000
178;0;-2270900,0000000;-237073,0000000
179;0;-2270940,0000000;-236980,0000000
180;0;-2270980,0000000;-236887,0000000
181;0;-2271010,0000000;-236794,0000000
182;0;-2271050,0000000;-236701,0000000
183;0;-2271090,0000000;-236608,0000000
184;0;-2271120,0000000;-236515,0000000
185;0;-2271160,0000000;-236422,0000000
186;0;-2271200,0000000;-236329,0000000
187;0;-2271230,0000000;-236236,0000000
188;0;-2271270,0000000;-236143,0000000
189;0;-2271270,0000000;-236046,0000000
190;0;-2271260,0000000;-235947,0000000
191;0;-2271250,0000000;-235848,0000000
192;0;-2271230,0000000;-235749,0000000
193;0;-2271220,0000000;-235651,0000000
194;0;-2271200,0000000;-235552,0000000
195;0;-2271190,0000000;-235453,0000000
196;0;-2271170,0000000;-235354,0000000
197;0;-2271160,0000000;-235255,0000000
198;0;-2271140,0000000;-235156,0000000
199;0;-2271130,0000000;-235057,0000000
200;0;-2271110,0000000;-234958,0000000
201;0;-2271100,0000000;-234859,0000000
202;0;-2271080,0000000;-234760,0000000
203;0;-2271070,0000000;-234661,0000000
204;0;-2271060,0000000;-234562,0000000
205;0;-2271040,0000000;-234463,0000000
206;0;-2271030,0000000;-234365,0000000
207;0;-2271010,0000000;-234266,0000000
208;0;-2271000,0000000;-234167,0000000
209;0;-2270980,0000000;-234068,0000000
210;0;-2270970,0000000;-233969,0000000
211;0;-2270950,0000000;-233870,0000000
212;0;-2270940,0000000;-233771,0000000
213;0;-2270920,0000000;-233672,0000000
214;0;-2270910,0000000;-233573,0000000
215;0;-2270890,0000000;-233474,0000000
216;0;-2270880,0000000;-233375,0000000
217;0;-2270870,0000000;-233276,0000000
218;0;-2270850,0000000;-233177,0000000
219;0;-2270840,0000000;-233079,0000000
220;0;-2270820,0000000;-232980,0000000
221;0;-2270810,0000000;-232881,0000000
222;0;-2270790,0000000;-232782,0000000
223;0;-2270780,0000000;-232683,0000000
224;0;-2270760,0000000;-232584,0000000
225;0;-2270750,0000000;-232485,0000000
226;0;-2270730,0000000;-232386,0000000
227;0;-2270720,0000000;-232287,0000000
228;0;-2270700,0000000;-232188,0000000
229;0;-2270690,0000000;-232089,0000000
230;0;-2270680,0000000;-231990,0000000
231;0;-2270660,0000000;-231891,0000000
232;0;-2270650,0000000;-231793,0000000
233;0;-2270630,0000000;-231694,0000000
234;0;-2270620,0000000;-231595,0000000
235;0;-2270600,0000000;-231496,0000000
236;0;-2270590,0000000;-231397,0000000
237;0;-2270570,0000000;-231298,0000000
238;0;-2270560,0000000;-231199,0000000
239;0;-2270540,0000000;-231100,0000000
240;0;-2270530,0000000;-231001,0000000
241;0;-2270510,0000000;-230902,0000000
242;0;-2270500,0000000;-230803,0000000
243;0;-2270480,0000000;-230704,0000000
244;0;-2270470,0000000;-230605,0000000
245;0;-2270460,0000000;-230506,0000000
246;0;-2270440,0000000;-230408,0000000
247;0;-2270430,0000000;-230309,0000000
248;0;-2270410,0000000;-230210,0000000
249;0;-2270400,0000000;-230111,0000000
250;0;-2270380,0000000;-230012,0000000
251;0;-2270370,0000000;-229913,0000000
252;0;-2270350,0000000;-229814,0000000
253;0;-2270340,0000000;-229715,0000000
254;0;-2270320,0000000;-229616,0000000
255;0;-2270310,0000000;-229517,0000000
256;0;-2270290,0000000;-229418,0000000
257;0;-2270280,0000000;-229319,0000000
258;0;-2270270,0000000;-229220,0000000
259;0;-2270250,0000000;-229122,0000000
260;0;-2270240,0000000;-229023,0000000
261;0;-2270220,0000000;-228924,0000000
262;0;-2270210,0000000;-228825,0000000
263;0;-2270190,0000000;-228726,0000000
264;0;-2270180,0000000;-228627,0000000
265;0;-2270160,0000000;-228528,0000000
266;0;-2270150,0000000;-228429,0000000
267;0;-2270130,0000000;-228330,0000000
268;0;-2270120,0000000;-228231,0000000
269;0;-2270100,0000000;-228132,0000000
270;0;-2270090,0000000;-228033,0000000
271;0;-2270080,0000000;-227934,0000000
272;0;-2270060,0000000;-227836,0000000
273;0;-2270050,0000000;-227737,0000000
274;0;-2270030,0000000;-227638,0000000
275;0;-2270020,0000000;-227539,0000000
276;0;-2270010,0000000;-227440,0000000
277;0;-2270020,0000000;-227340,0000000
278;0;-2270020,0000000;-227240,0000000
279;0;-2270030,0000000;-227140,0000000
280;0;-2270040,0000000;-227040,0000000
281;0;-2270040,0000000;-226941,0000000
282;0;-2270050,0000000;-226841,0000000
283;0;-2270050,0000000;-226741,0000000
284;0;-2270060,0000000;-226641,0000000
285;0;-2270070,0000000;-226541,0000000
286;0;-2270070,0000000;-226442,0000000
287;0;-2270080,0000000;-226342,0000000
288;0;-2270090,0000000;-226242,0000000
289;0;-2270090,0000000;-226142,0000000
290;0;-2270100,0000000;-226042,0000000
291;0;-2270110,0000000;-225943,0000000
292;0;-2270110,0000000;-225843,0000000
293;0;-2270120,0000000;-225743,0000000
294;0;-2270120,0000000;-225643,0000000
295;0;-2270130,0000000;-225543,0000000
296;0;-2270150,0000000;-225445,0000000
297;0;-2270170,0000000;-225348,0000000
298;0;-2270190,0000000;-225251,0000000
299;0;-2270220,0000000;-225154,0000000
300;0;-2270240,0000000;-225057,0000000
301;0;-2270270,0000000;-224960,0000000
302;0;-2270290,0000000;-224863,0000000
303;0;-2270320,0000000;-224766,0000000
304;0;-2270340,0000000;-224669,0000000
305;0;-2270360,0000000;-224572,0000000
306;0;-2270390,0000000;-224475,0000000
307;0;-2270410,0000000;-224378,0000000
308;0;-2270440,0000000;-224281,0000000
309;0;-2270460,0000000;-224184,0000000
310;0;-2270490,0000000;-224087,0000000
311;0;-2270510,0000000;-223990,0000000
312;0;-2270530,0000000;-223893,0000000
313;0;-2270560,0000000;-223796,0000000
314;0;-2270580,0000000;-223699,0000000
315;0;-2270610,0000000;-223602,0000000
316;0;-2270630,0000000;-223505,0000000
317;0;-2270660,0000000;-223408,0000000
318;0;-2270680,0000000;-223311,0000000
319;0;-2270700,0000000;-223214,0000000
320;0;-2270730,0000000;-223117,0000000
321;0;-2270750,0000000;-223020,0000000
322;0;-2270780,0000000;-222923,0000000
323;0;-2270800,0000000;-222826,0000000
324;0;-2270830,0000000;-222729,0000000
325;0;-2270850,0000000;-222632,0000000
326;0;-2270870,0000000;-222535,0000000
327;0;-2270900,0000000;-222438,0000000
328;0;-2270920,0000000;-222341,0000000
329;0;-2270950,0000000;-222244,0000000
330;0;-2270970,0000000;-222146,0000000
331;0;-2271000,0000000;-222049,0000000
332;0;-2271020,0000000;-221952,0000000
333;0;-2271040,0000000;-221855,0000000
334;0;-2271070,0000000;-221758,0000000
335;0;-2271090,0000000;-221661,0000000
336;0;-2271120,0000000;-221564,0000000
337;0;-2271140,0000000;-221467,0000000
338;0;-2271160,0000000;-221370,0000000
339;0;-2271190,0000000;-221273,0000000
340;0;-2271210,0000000;-221176,0000000
341;0;-2271240,0000000;-221079,0000000
342;0;-2271260,0000000;-220982,0000000
343;0;-2271290,0000000;-220885,0000000
344;0;-2271310,0000000;-220788,0000000
345;0;-2271300,0000000;-220688,0000000
346;0;-2271300,0000000;-220588,0000000
347;0;-2271290,0000000;-220488,0000000
348;0;-2271290,0000000;-220388,0000000
349;0;-2271280,0000000;-220289,0000000
350;0;-2271280,0000000;-220189,0000000
351;0;-2271270,0000000;-220089,0000000
352;0;-2271270,0000000;-219989,0000000
353;0;-2271260,0000000;-219889,0000000
354;0;-2271260,0000000;-219789,0000000
355;0;-2271250,0000000;-219689,0000000
356;0;-2271250,0000000;-219589,0000000
357;0;-2271240,0000000;-219490,0000000
358;0;-2271240,0000000;-219390,0000000
359;0;-2271230,0000000;-219290,0000000
360;0;-2271230,0000000;-219190,0000000
361;0;-2271220,0000000;-219090,0000000
362;0;-2271220,0000000;-218990,0000000
363;0;-2271210,0000000;-218890,0000000
364;0;-2271210,0000000;-218791,0000000
365;0;-2271200,0000000;-218691,0000000
366;0;-2271200,0000000;-218591,0000000
367;0;-2271190,0000000;-218491,0000000
368;0;-2271190,0000000;-218391,0000000
369;0;-2271180,0000000;-218291,0000000
370;0;-2271180,0000000;-218191,0000000
371;0;-2271170,0000000;-218091,0000000
372;0;-2271170,0000000;-217992,0000000
373;0;-2271160,0000000;-217892,0000000
374;0;-2271160,0000000;-217792,0000000
375;0;-2271150,0000000;-217692,0000000
376;0;-2271150,0000000;-217592,0000000
377;0;-2271140,0000000;-217492,0000000
378;0;-2271140,0000000;-217392,0000000
379;0;-2271130,0000000;-217292,0000000
380;0;-2271130,0000000;-217193,0000000
381;0;-2271120,0000000;-217093,0000000
382;0;-2271120,0000000;-216993,0000000
383;0;-2271110,0000000;-216893,0000000
384;0;-2271110,0000000;-216793,0000000
385;0;-2271100,0000000;-216693,0000000
386;0;-2271100,0000000;-216593,0000000
387;0;-2271100,0000000;-216494,0000000
388;0;-2271110,0000000;-216395,0000000
389;0;-2271130,0000000;-216296,0000000
390;0;-2271140,0000000;-216197,0000000
391;0;-2271160,0000000;-216098,0000000
392;0;-2271170,0000000;-215999,0000000
393;0;-2271190,0000000;-215901,0000000
394;0;-2271200,0000000;-215802,0000000
395;0;-2271220,0000000;-215703,0000000
396;0;-2271230,0000000;-215604,0000000
397;0;-2271250,0000000;-215505,0000000
398;0;-2271260,0000000;-215406,0000000
399;0;-2271280,0000000;-215307,0000000
400;0;-2271290,0000000;-215208,0000000
401;0;-2271310,0000000;-215110,0000000
402;0;-2271320,0000000;-215011,0000000
403;0;-2271340,0000000;-214912,0000000
404;0;-2271350,0000000;-214813,0000000
405;0;-2271370,0000000;-214714,0000000
406;0;-2271380,0000000;-214615,0000000
407;0;-2271400,0000000;-214516,0000000
408;0;-2271410,0000000;-214418,0000000
409;0;-2271430,0000000;-214319,0000000
410;0;-2271440,0000000;-214220,0000000
411;0;-2271450,0000000;-214121,0000000
412;0;-2271450,0000000;-214021,0000000
413;0;-2271440,0000000;-213921,0000000
414;0;-2271430,0000000;-213822,0000000
415;0;-2271430,0000000;-213722,0000000
416;0;-2271420,0000000;-213622,0000000
417;0;-2271410,0000000;-213522,0000000
418;0;-2271410,0000000;-213422,0000000
419;0;-2271400,0000000;-213323,0000000
420;0;-2271390,0000000;-213223,0000000
421;0;-2271390,0000000;-213123,0000000
422;0;-2271380,0000000;-213023,0000000
423;0;-2271370,0000000;-212924,0000000
424;0;-2271370,0000000;-212824,0000000
425;0;-2271360,0000000;-212724,0000000
426;0;-2271350,0000000;-212624,0000000
427;0;-2271350,0000000;-212524,0000000
428;0;-2271340,0000000;-212425,0000000
429;0;-2271330,0000000;-212325,0000000
430;0;-2271330,0000000;-212225,0000000
431;0;-2271320,0000000;-212125,0000000
432;0;-2271320,0000000;-212026,0000000
433;0;-2271310,0000000;-211926,0000000
434;0;-2271300,0000000;-211826,0000000
435;0;-2271300,0000000;-211726,0000000
436;0;-2271290,0000000;-211626,0000000
437;0;-2271280,0000000;-211527,0000000
438;0;-2271280,0000000;-211427,0000000
439;0;-2271270,0000000;-211327,0000000
440;0;-2271260,0000000;-211227,0000000
441;0;-2271260,0000000;-211128,0000000
442;0;-2271250,0000000;-211028,0000000
443;0;-2271240,0000000;-210928,0000000
444;0;-2271240,0000000;-210828,0000000
445;0;-2271230,0000000;-210728,0000000
446;0;-2271220,0000000;-210629,0000000
447;0;-2271220,0000000;-210529,0000000
448;0;-2271210,0000000;-210429,0000000
449;0;-2271200,0000000;-210329,0000000
450;0;-2271200,0000000;-210230,0000000
451;0;-2271180,0000000;-210131,0000000
452;0;-2271160,0000000;-210034,0000000
453;0;-2271130,0000000;-209937,0000000
454;0;-2271110,0000000;-209841,0000000
455;0;-2271080,0000000;-209744,0000000
456;0;-2271060,0000000;-209647,0000000
457;0;-2271030,0000000;-209551,0000000
458;0;-2271000,0000000;-209454,0000000
459;0;-2270980,0000000;-209357,0000000
460;0;-2270950,0000000;-209260,0000000
461;0;-2270930,0000000;-209164,0000000
462;0;-2270900,0000000;-209067,0000000
463;0;-2270880,0000000;-208970,0000000
464;0;-2270850,0000000;-208874,0000000
465;0;-2270830,0000000;-208777,0000000
466;0;-2270800,0000000;-208680,0000000
467;0;-2270780,0000000;-208584,0000000
468;0;-2270750,0000000;-208487,0000000
469;0;-2270720,0000000;-208390,0000000
470;0;-2270700,0000000;-208293,0000000
471;0;-2270670,0000000;-208197,0000000
472;0;-2270650,0000000;-208100,0000000
473;0;-2270620,0000000;-208003,0000000
474;0;-2270600,0000000;-207907,0000000
475;0;-2270570,0000000;-207810,0000000
476;0;-2270550,0000000;-207713,0000000
477;0;-2270530,0000000;-207615,0000000
478;0;-2270520,0000000;-207515,0000000
479;0;-2270520,0000000;-207416,0000000
480;0;-2270510,0000000;-207316,0000000
481;0;-2270500,0000000;-207216,0000000
482;0;-2270500,0000000;-207116,0000000
483;0;-2270490,0000000;-207016,0000000
484;0;-2270490,0000000;-206917,0000000
485;0;-2270480,0000000;-206817,0000000
486;0;-2270470,0000000;-206717,0000000
487;0;-2270470,0000000;-206617,0000000
488;0;-2270460,0000000;-206517,0000000
489;0;-2270460,0000000;-206417,0000000
490;0;-2270450,0000000;-206318,0000000
491;0;-2270450,0000000;-206218,0000000
492;0;-2270440,0000000;-206118,0000000
493;0;-2270430,0000000;-206018,0000000
494;0;-2270430,0000000;-205918,0000000
495;0;-2270420,0000000;-205818,0000000
496;0;-2270420,0000000;-205719,0000000
497;0;-2270410,0000000;-205619,0000000
498;0;-2270400,0000000;-205519,0000000
499;0;-2270400,0000000;-205419,0000000
500;0;-2270380,0000000;-205322,0000000
501;0;-2270350,0000000;-205226,0000000
502;0;-2270320,0000000;-205129,0000000
503;0;-2270300,0000000;-205033,0000000
504;0;-2270270,0000000;-204936,0000000
505;0;-2270240,0000000;-204840,0000000
506;0;-2270220,0000000;-204743,0000000
507;0;-2270190,0000000;-204647,0000000
508;0;-2270160,0000000;-204550,0000000
509;0;-2270140,0000000;-204454,0000000
510;0;-2270110,0000000;-204357,0000000
511;0;-2270090,0000000;-204261,0000000
512;0;-2270060,0000000;-204164,0000000
513;0;-2270030,0000000;-204068,0000000
514;0;-2270010,0000000;-203971,0000000
515;0;-2270030,0000000;-203877,0000000
516;0;-2270060,0000000;-203783,0000000
517;0;-2270100,0000000;-203688,0000000
518;0;-2270130,0000000;-203594,0000000
519;0;-2270160,0000000;-203500,0000000
520;0;-2270200,0000000;-203406,0000000
521;0;-2270230,0000000;-203312,0000000
522;0;-2270260,0000000;-203218,0000000
523;0;-2270300,0000000;-203123,0000000
524;0;-2270330,0000000;-203029,0000000
525;0;-2270360,0000000;-202935,0000000
526;0;-2270400,0000000;-202841,0000000
527;0;-2270430,0000000;-202747,0000000
528;0;-2270470,0000000;-202653,0000000
529;0;-2270500,0000000;-202558,0000000
530;0;-2270530,0000000;-202464,0000000
531;0;-2270570,0000000;-202370,0000000
532;0;-2270600,0000000;-202276,0000000
533;0;-2270630,0000000;-202182,0000000
534;0;-2270670,0000000;-202088,0000000
535;0;-2270700,0000000;-201993,0000000
536;0;-2270730,0000000;-201899,0000000
537;0;-2270770,0000000;-201805,0000000
538;0;-2270800,0000000;-201711,0000000
539;0;-2270830,0000000;-201617,0000000
540;0;-2270870,0000000;-201522,0000000
541;0;-2270900,0000000;-201428,0000000
542;0;-2270940,0000000;-201334,0000000
543;0;-2270970,0000000;-201240,0000000
544;0;-2271000,0000000;-201146,0000000
545;0;-2271040,0000000;-201052,0000000
546;0;-2271070,0000000;-200957,0000000
547;0;-2271100,0000000;-200863,0000000
548;0;-2271140,0000000;-200769,0000000
549;0;-2271170,0000000;-200675,0000000
550;0;-2271200,0000000;-200581,0000000
551;0;-2271240,0000000;-200487,0000000
552;0;-2271270,0000000;-200392,0000000
553;0;-2271310,0000000;-200298,0000000
554;0;-2271340,0000000;-200204,0000000
555;0;-2271370,0000000;-200110,0000000
556;0;-2271410,0000000;-200016,0000000
557;0;-2271440,0000000;-199921,0000000
558;0;-2271470,0000000;-199827,0000000
559;0;-2271510,0000000;-199733,0000000
560;0;-2271540,0000000;-199639,0000000
561;0;-2271570,0000000;-199545,0000000
562;0;-2271610,0000000;-199451,0000000
563;0;-2271640,0000000;-199356,0000000
564;0;-2271680,0000000;-199262,0000000
565;0;-2271710,0000000;-199168,0000000
566;0;-2271740,0000000;-199074,0000000
567;0;-2271780,0000000;-198980,0000000
568;0;-2271810,0000000;-198886,0000000
569;0;-2271840,0000000;-198791,0000000
570;0;-2271880,0000000;-198697,0000000
571;0;-2271910,0000000;-198603,0000000
572;0;-2271940,0000000;-198509,0000000
573;0;-2271970,0000000;-198413,0000000
574;0;-2271990,0000000;-198314,0000000
575;0;-2272000,0000000;-198215,0000000
576;0;-2272010,0000000;-198116,0000000
577;0;-2272020,0000000;-198017,0000000
578;0;-2272040,0000000;-197917,0000000
579;0;-2272050,0000000;-197818,0000000
580;0;-2272060,0000000;-197719,0000000
581;0;-2272080,0000000;-197620,0000000
582;0;-2272090,0000000;-197521,0000000
583;0;-2272100,0000000;-197422,0000000
584;0;-2272110,0000000;-197322,0000000
585;0;-2272130,0000000;-197223,0000000
586;0;-2272140,0000000;-197124,0000000
587;0;-2272150,0000000;-197025,0000000
588;0;-2272170,0000000;-196926,0000000
589;0;-2272180,0000000;-196827,0000000
590;0;-2272190,0000000;-196727,0000000
591;0;-2272200,0000000;-196628,0000000
592;0;-2272220,0000000;-196529,0000000
593;0;-2272230,0000000;-196430,0000000
594;0;-2272240,0000000;-196331,0000000
595;0;-2272250,0000000;-196231,0000000
596;0;-2272240,0000000;-196131,0000000
597;0;-2272230,0000000;-196031,0000000
598;0;-2272230,0000000;-195932,0000000
599;0;-2272220,0000000;-195832,0000000
600;0;-2272220,0000000;-195732,0000000
601;0;-2272210,0000000;-195632,0000000
602;0;-2272210,0000000;-195532,0000000
603;0;-2272200,0000000;-195432,0000000
604;0;-2272200,0000000;-195333,0000000
605;0;-2272190,0000000;-195233,0000000
606;0;-2272180,0000000;-195133,0000000
607;0;-2272180,0000000;-195033,0000000
608;0;-2272170,0000000;-194933,0000000
609;0;-2272170,0000000;-194833,0000000
610;0;-2272160,0000000;-194733,0000000
611;0;-2272160,0000000;-194634,0000000
612;0;-2272150,0000000;-194534,0000000
613;0;-2272150,0000000;-194434,0000000
614;0;-2272140,0000000;-194334,0000000
615;0;-2272130,0000000;-194234,0000000
616;0;-2272130,0000000;-194134,0000000
617;0;-2272120,0000000;-194035,0000000
618;0;-2272120,0000000;-193935,0000000
619;0;-2272110,0000000;-193835,0000000
620;0;-2272110,0000000;-193735,0000000
621;0;-2272100,0000000;-193635,0000000
622;0;-2272100,0000000;-193535,0000000
623;0;-2272090,0000000;-193435,0000000
624;0;-2272080,0000000;-193336,0000000
625;0;-2272080,0000000;-193236,0000000
626;0;-2272070,0000000;-193136,0000000
627;0;-2272070,0000000;-193036,0000000
628;0;-2272060,0000000;-192936,0000000
629;0;-2272060,0000000;-192836,0000000
630;0;-2272050,0000000;-192737,0000000
631;0;-2272050,0000000;-192637,0000000
632;0;-2272040,0000000;-192537,0000000
633;0;-2272030,0000000;-192437,0000000
634;0;-2272030,0000000;-192337,0000000
635;0;-2272020,0000000;-192237,0000000
636;0;-2272020,0000000;-192137,0000000
637;0;-2272010,0000000;-192038,0000000
638;0;-2272010,0000000;-191938,0000000
639;0;-2272000,0000000;-191838,0000000
640;0;-2272000,0000000;-191738,0000000
641;0;-2272000,0000000;-191639,0000000
642;0;-2272030,0000000;-191544,0000000
643;0;-2272060,0000000;-191448,0000000
644;0;-2272090,0000000;-191353,0000000
645;0;-2272120,0000000;-191257,0000000
646;0;-2272150,0000000;-191162,0000000
647;0;-2272180,0000000;-191066,0000000
648;0;-2272210,0000000;-190970,0000000
649;0;-2272240,0000000;-190875,0000000
650;0;-2272260,0000000;-190779,0000000
651;0;-2272290,0000000;-190684,0000000
652;0;-2272320,0000000;-190588,0000000
653;0;-2272350,0000000;-190493,0000000
654;0;-2272380,0000000;-190397,0000000
655;0;-2272410,0000000;-190301,0000000
656;0;-2272440,0000000;-190206,0000000
657;0;-2272470,0000000;-190110,0000000
658;0;-2272500,0000000;-190015,0000000
659;0;-2272530,0000000;-189919,0000000
660;0;-2272560,0000000;-189823,0000000
661;0;-2272590,0000000;-189728,0000000
662;0;-2272620,0000000;-189632,0000000
663;0;-2272650,0000000;-189537,0000000
664;0;-2272680,0000000;-189441,0000000
665;0;-2272710,0000000;-189346,0000000
666;0;-2272740,0000000;-189250,0000000
667;0;-2272760,0000000;-189154,0000000
668;0;-2272790,0000000;-189059,0000000
669;0;-2272820,0000000;-188963,0000000
670;0;-2272850,0000000;-188868,0000000
671;0;-2272880,0000000;-188772,0000000
672;0;-2272910,0000000;-188677,0000000
673;0;-2272940,0000000;-188581,0000000
674;0;-2272970,0000000;-188485,0000000
675;0;-2273000,0000000;-188390,0000000
676;0;-2273030,0000000;-188294,0000000
677;0;-2273060,0000000;-188199,0000000
678;0;-2273090,0000000;-188103,0000000
679;0;-2273120,0000000;-188008,0000000
680;0;-2273150,0000000;-187912,0000000
681;0;-2273180,0000000;-187816,0000000
682;0;-2273210,0000000;-187721,0000000
683;0;-2273240,0000000;-187625,0000000
684;0;-2273260,0000000;-187530,0000000
685;0;-2273290,0000000;-187434,0000000
686;0;-2273320,0000000;-187339,0000000
687;0;-2273350,0000000;-187243,0000000
688;0;-2273380,0000000;-187147,0000000
689;0;-2273410,0000000;-187052,0000000
690;0;-2273440,0000000;-186956,0000000
691;0;-2273470,0000000;-186861,0000000
692;0;-2273500,0000000;-186765,0000000
693;0;-2273530,0000000;-186670,0000000
694;0;-2273560,0000000;-186574,0000000
695;0;-2273590,0000000;-186478,0000000
696;0;-2273620,0000000;-186383,0000000
697;0;-2273650,0000000;-186287,0000000
698;0;-2273680,0000000;-186192,0000000
699;0;-2273710,0000000;-186096,0000000
700;0;-2273740,0000000;-186001,0000000
701;0;-2273760,0000000;-185905,0000000
702;0;-2273790,0000000;-185809,0000000
703;0;-2273820,0000000;-185714,0000000
704;0;-2273850,0000000;-185618,0000000
705;0;-2273880,0000000;-185523,0000000
706;0;-2273910,0000000;-185427,0000000
707;0;-2273940,0000000;-185332,0000000
708;0;-2273970,0000000;-185236,0000000
709;0;-2274000,0000000;-185140,0000000
710;0;-2274030,0000000;-185045,0000000
711;0;-2274060,0000000;-184949,0000000
712;0;-2274090,0000000;-184854,0000000
713;0;-2274150,0000000;-184780,0000000
714;0;-2274230,0000000;-184711,0000000
715;0;-2274300,0000000;-184643,0000000
716;0;-2274370,0000000;-184574,0000000
717;0;-2274440,0000000;-184506,0000000
718;0;-2274520,0000000;-184437,0000000
719;0;-2274590,0000000;-184369,0000000
720;0;-2274660,0000000;-184300,0000000
721;0;-2274740,0000000;-184232,0000000
722;0;-2274810,0000000;-184163,0000000
723;0;-2274880,0000000;-184095,0000000
724;0;-2274950,0000000;-184026,0000000
725;0;-2275030,0000000;-183958,0000000
726;0;-2275100,0000000;-183889,0000000
727;0;-2275170,0000000;-183821,0000000
728;0;-2275250,0000000;-183752,0000000
729;0;-2275320,0000000;-183684,0000000
730;0;-2275390,0000000;-183615,0000000
731;0;-2275460,0000000;-183547,0000000
732;0;-2275540,0000000;-183478,0000000
733;0;-2275590,0000000;-183396,0000000
734;0;-2275640,0000000;-183309,0000000
735;0;-2275690,0000000;-183223,0000000
736;0;-2275740,0000000;-183137,0000000
737;0;-2275790,0000000;-183050,0000000
738;0;-2275840,0000000;-182964,0000000
739;0;-2275890,0000000;-182877,0000000
740;0;-2275940,0000000;-182791,0000000
741;0;-2276000,0000000;-182705,0000000
742;0;-2276050,0000000;-182618,0000000
743;0;-2276100,0000000;-182532,0000000
744;0;-2276150,0000000;-182446,0000000
745;0;-2276200,0000000;-182359,0000000
746;0;-2276250,0000000;-182273,0000000
747;0;-2276300,0000000;-182186,0000000
748;0;-2276350,0000000;-182100,0000000
749;0;-2276400,0000000;-182014,0000000
750;0;-2276450,0000000;-181927,0000000
751;0;-2276510,0000000;-181848,0000000
752;0;-2276580,0000000;-181777,0000000
753;0;-2276650,0000000;-181706,0000000
754;0;-2276720,0000000;-181635,0000000
755;0;-2276790,0000000;-181565,0000000
756;0;-2276860,0000000;-181494,0000000
757;0;-2276930,0000000;-181423,0000000
758;0;-2277000,0000000;-181353,0000000
759;0;-2277070,0000000;-181282,0000000
760;0;-2277140,0000000;-181211,0000000
761;0;-2277210,0000000;-181140,0000000
762;0;-2277280,0000000;-181066,0000000
763;0;-2277330,0000000;-180976,0000000
764;0;-2277370,0000000;-180887,0000000
765;0;-2277410,0000000;-180798,0000000
766;0;-2277460,0000000;-180708,0000000
767;0;-2277500,0000000;-180619,0000000
768;0;-2277550,0000000;-180530,0000000
769;0;-2277590,0000000;-180440,0000000
770;0;-2277640,0000000;-180351,0000000
771;0;-2277680,0000000;-180261,0000000
772;0;-2277730,0000000;-180172,0000000
773;0;-2277770,0000000;-180083,0000000
774;0;-2277820,0000000;-179993,0000000
775;0;-2277860,0000000;-179904,0000000
776;0;-2277910,0000000;-179814,0000000
777;0;-2277950,0000000;-179725,0000000
778;0;-2278000,0000000;-179636,0000000
779;0;-2278070,0000000;-179569,0000000
780;0;-2278150,0000000;-179503,0000000
781;0;-2278220,0000000;-179438,0000000
782;0;-2278300,0000000;-179373,0000000
783;0;-2278370,0000000;-179307,0000000
784;0;-2278450,0000000;-179242,0000000
785;0;-2278530,0000000;-179176,0000000
786;0;-2278600,0000000;-179111,0000000
787;0;-2278680,0000000;-179046,0000000
788;0;-2278750,0000000;-178980,0000000
789;0;-2278830,0000000;-178915,0000000
790;0;-2278900,0000000;-178850,0000000
791;0;-2278980,0000000;-178784,0000000
792;0;-2279050,0000000;-178719,0000000
793;0;-2279130,0000000;-178653,0000000
794;0;-2279210,0000000;-178588,0000000
795;0;-2279280,0000000;-178523,0000000
796;0;-2279360,0000000;-178458,0000000
797;0;-2279440,0000000;-178394,0000000
798;0;-2279510,0000000;-178330,0000000
799;0;-2279590,0000000;-178266,0000000
800;0;-2279670,0000000;-178202,0000000
801;0;-2279740,0000000;-178138,0000000
802;0;-2279820,0000000;-178074,0000000
803;0;-2279900,0000000;-178011,0000000
804;0;-2279970,0000000;-177947,0000000
805;0;-2280050,0000000;-177883,0000000
806;0;-2280130,0000000;-177819,0000000
807;0;-2280200,0000000;-177755,0000000
808;0;-2280280,0000000;-177691,0000000
809;0;-2280360,0000000;-177627,0000000
810;0;-2280430,0000000;-177563,0000000
811;0;-2280510,0000000;-177499,0000000
812;0;-2280590,0000000;-177435,0000000
813;0;-2280660,0000000;-177370,0000000
814;0;-2280740,0000000;-177301,0000000
815;0;-2280810,0000000;-177232,0000000
816;0;-2280880,0000000;-177163,0000000
817;0;-2280950,0000000;-177094,0000000
818;0;-2281030,0000000;-177025,0000000
819;0;-2281100,0000000;-176956,0000000
820;0;-2281170,0000000;-176887,0000000
821;0;-2281240,0000000;-176818,0000000
822;0;-2281320,0000000;-176749,0000000
823;0;-2281390,0000000;-176680,0000000
824;0;-2281460,0000000;-176612,0000000
825;0;-2281530,0000000;-176543,0000000
826;0;-2281610,0000000;-176474,0000000
827;0;-2281680,0000000;-176405,0000000
828;0;-2281750,0000000;-176336,0000000
829;0;-2281820,0000000;-176267,0000000
830;0;-2281900,0000000;-176198,0000000
831;0;-2281870,0000000;-176106,0000000
832;0;-2281830,0000000;-176012,0000000
833;0;-2281800,0000000;-175919,0000000
834;0;-2281760,0000000;-175825,0000000
835;0;-2281730,0000000;-175732,0000000
836;0;-2281690,0000000;-175638,0000000
837;0;-2281650,0000000;-175545,0000000
838;0;-2281620,0000000;-175451,0000000
839;0;-2281580,0000000;-175358,0000000
840;0;-2281550,0000000;-175264,0000000
841;0;-2281510,0000000;-175171,0000000
842;0;-2281480,0000000;-175077,0000000
843;0;-2281440,0000000;-174983,0000000
844;0;-2281410,0000000;-174890,0000000
845;0;-2281380,0000000;-174793,0000000
846;0;-2281360,0000000;-174695,0000000
847;0;-2281340,0000000;-174597,0000000
848;0;-2281320,0000000;-174499,0000000
849;0;-2281300,0000000;-174402,0000000
850;0;-2281280,0000000;-174304,0000000
851;0;-2281260,0000000;-174206,0000000
852;0;-2281240,0000000;-174108,0000000
853;0;-2281220,0000000;-174010,0000000
854;0;-2281200,0000000;-173912,0000000
855;0;-2281180,0000000;-173815,0000000
856;0;-2281160,0000000;-173717,0000000
857;0;-2281140,0000000;-173619,0000000
858;0;-2281110,0000000;-173521,0000000
859;0;-2281090,0000000;-173423,0000000
860;0;-2281070,0000000;-173325,0000000
861;0;-2281050,0000000;-173228,0000000
862;0;-2281030,0000000;-173130,0000000
863;0;-2281010,0000000;-173032,0000000
864;0;-2280990,0000000;-172934,0000000
865;0;-2280970,0000000;-172836,0000000
866;0;-2280950,0000000;-172738,0000000
867;0;-2280930,0000000;-172640,0000000
868;0;-2280910,0000000;-172543,0000000
869;0;-2280890,0000000;-172445,0000000
870;0;-2280870,0000000;-172347,0000000
871;0;-2280850,0000000;-172249,0000000
872;0;-2280840,0000000;-172150,0000000
873;0;-2280840,0000000;-172050,0000000
874;0;-2280830,0000000;-171950,0000000
875;0;-2280830,0000000;-171850,0000000
876;0;-2280830,0000000;-171750,0000000
877;0;-2280830,0000000;-171650,0000000
878;0;-2280830,0000000;-171550,0000000
879;0;-2280820,0000000;-171450,0000000
880;0;-2280820,0000000;-171350,0000000
881;0;-2280820,0000000;-171250,0000000
882;0;-2280820,0000000;-171150,0000000
883;0;-2280820,0000000;-171050,0000000
884;0;-2280810,0000000;-170950,0000000
885;0;-2280810,0000000;-170850,0000000
886;0;-2280810,0000000;-170750,0000000
887;0;-2280810,0000000;-170650,0000000
888;0;-2280810,0000000;-170550,0000000
889;0;-2280800,0000000;-170450,0000000
890;0;-2280800,0000000;-170350,0000000
891;0;-2280800,0000000;-170250,0000000
892;0;-2280770,0000000;-170155,0000000
893;0;-2280740,0000000;-170060,0000000
894;0;-2280710,0000000;-169966,0000000
895;0;-2280670,0000000;-169871,0000000
896;0;-2280640,0000000;-169776,0000000
897;0;-2280610,0000000;-169681,0000000
898;0;-2280580,0000000;-169586,0000000
899;0;-2280550,0000000;-169492,0000000
900;0;-2280520,0000000;-169397,0000000
901;0;-2280480,0000000;-169302,0000000
902;0;-2280450,0000000;-169207,0000000
903;0;-2280420,0000000;-169112,0000000
904;0;-2280390,0000000;-169018,0000000
905;0;-2280360,0000000;-168923,0000000
906;0;-2280320,0000000;-168828,0000000
907;0;-2280290,0000000;-168733,0000000
908;0;-2280260,0000000;-168638,0000000
909;0;-2280230,0000000;-168544,0000000
910;0;-2280200,0000000;-168449,0000000
911;0;-2280170,0000000;-168353,0000000
912;0;-2280140,0000000;-168256,0000000
913;0;-2280120,0000000;-168159,0000000
914;0;-2280100,0000000;-168062,0000000
915;0;-2280070,0000000;-167965,0000000
916;0;-2280050,0000000;-167868,0000000
917;0;-2280020,0000000;-167771,0000000
918;0;-2280000,0000000;-167674,0000000
919;0;-2279970,0000000;-167577,0000000
920;0;-2279950,0000000;-167480,0000000
921;0;-2279930,0000000;-167383,0000000
922;0;-2279900,0000000;-167286,0000000
923;0;-2279880,0000000;-167189,0000000
924;0;-2279850,0000000;-167092,0000000
925;0;-2279830,0000000;-166995,0000000
926;0;-2279800,0000000;-166898,0000000
927;0;-2279780,0000000;-166801,0000000
928;0;-2279760,0000000;-166704,0000000
929;0;-2279730,0000000;-166607,0000000
930;0;-2279710,0000000;-166510,0000000
931;0;-2279680,0000000;-166413,0000000
932;0;-2279660,0000000;-166316,0000000
933;0;-2279630,0000000;-166219,0000000
934;0;-2279610,0000000;-166122,0000000
935;0;-2279590,0000000;-166025,0000000
936;0;-2279560,0000000;-165928,0000000
937;0;-2279540,0000000;-165831,0000000
938;0;-2279510,0000000;-165734,0000000
939;0;-2279490,0000000;-165637,0000000
940;0;-2279470,0000000;-165540,0000000
941;0;-2279440,0000000;-165443,0000000
942;0;-2279430,0000000;-165345,0000000
943;0;-2279440,0000000;-165246,0000000
944;0;-2279450,0000000;-165146,0000000
945;0;-2279460,0000000;-165047,0000000
946;0;-2279480,0000000;-164948,0000000
947;0;-2279490,0000000;-164848,0000000
948;0;-2279500,0000000;-164749,0000000
949;0;-2279510,0000000;-164650,0000000
950;0;-2279520,0000000;-164551,0000000
951;0;-2279540,0000000;-164451,0000000
952;0;-2279550,0000000;-164352,0000000
953;0;-2279560,0000000;-164253,0000000
954;0;-2279570,0000000;-164153,0000000
955;0;-2279580,0000000;-164054,0000000
956;0;-2279600,0000000;-163955,0000000
957;0;-2279610,0000000;-163856,0000000
958;0;-2279620,0000000;-163756,0000000
959;0;-2279630,0000000;-163657,0000000
960;0;-2279640,0000000;-163558,0000000
961;0;-2279640,0000000;-163459,0000000
962;0;-2279620,0000000;-163362,0000000
963;0;-2279590,0000000;-163264,0000000
964;0;-2279570,0000000;-163167,0000000
965;0;-2279550,0000000;-163070,0000000
966;0;-2279530,0000000;-162972,0000000
967;0;-2279500,0000000;-162875,0000000
968;0;-2279480,0000000;-162777,0000000
969;0;-2279460,0000000;-162680,0000000
970;0;-2279440,0000000;-162582,0000000
971;0;-2279410,0000000;-162485,0000000
972;0;-2279390,0000000;-162387,0000000
973;0;-2279370,0000000;-162290,0000000
974;0;-2279350,0000000;-162193,0000000
975;0;-2279320,0000000;-162095,0000000
976;0;-2279300,0000000;-161998,0000000
977;0;-2279280,0000000;-161900,0000000
978;0;-2279260,0000000;-161803,0000000
979;0;-2279220,0000000;-161710,0000000
980;0;-2279180,0000000;-161618,0000000
981;0;-2279140,0000000;-161526,0000000
982;0;-2279100,0000000;-161434,0000000
983;0;-2279060,0000000;-161342,0000000
984;0;-2279020,0000000;-161250,0000000
985;0;-2278980,0000000;-161159,0000000
986;0;-2278950,0000000;-161067,0000000
987;0;-2278910,0000000;-160975,0000000
988;0;-2278870,0000000;-160883,0000000
989;0;-2278830,0000000;-160791,0000000
990;0;-2278790,0000000;-160699,0000000
991;0;-2278750,0000000;-160607,0000000
992;0;-2278710,0000000;-160515,0000000
993;0;-2278670,0000000;-160423,0000000
994;0;-2278630,0000000;-160331,0000000
995;0;-2278590,0000000;-160239,0000000
996;0;-2278550,0000000;-160147,0000000
997;0;-2278510,0000000;-160056,0000000
998;0;-2278470,0000000;-159964,0000000
999;0;-2278430,0000000;-159872,0000000
1000;0;-2278390,0000000;-159780,0000000
1001;0;-2278350,0000000;-159688,0000000
1002;0;-2278310,0000000;-159596,0000000
1003;0;-2278280,0000000;-159504,0000000
1004;0;-2278240,0000000;-159412,0000000
1005;0;-2278200,0000000;-159320,0000000
1006;0;-2278160,0000000;-159228,0000000
1007;0;-2278120,0000000;-159136,0000000
1008;0;-2278080,0000000;-159044,0000000
1009;0;-2278020,0000000;-158964,0000000
1010;0;-2277950,0000000;-158890,0000000
1011;0;-2277890,0000000;-158816,0000000
1012;0;-2277820,0000000;-158742,0000000
1013;0;-2277750,0000000;-158668,0000000
1014;0;-2277690,0000000;-158594,0000000
1015;0;-2277620,0000000;-158520,0000000
1016;0;-2277550,0000000;-158446,0000000
1017;0;-2277480,0000000;-158372,0000000
1018;0;-2277420,0000000;-158298,0000000
1019;0;-2277350,0000000;-158224,0000000
1020;0;-2277280,0000000;-158150,0000000
1021;0;-2277210,0000000;-158076,0000000
1022;0;-2277150,0000000;-158002,0000000
1023;0;-2277080,0000000;-157928,0000000
1024;0;-2277010,0000000;-157854,0000000
1025;0;-2276950,0000000;-157780,0000000
1026;0;-2276880,0000000;-157706,0000000
1027;0;-2276810,0000000;-157632,0000000
1028;0;-2276740,0000000;-157558,0000000
1029;0;-2276680,0000000;-157484,0000000
1030;0;-2276610,0000000;-157410,0000000
1031;0;-2276540,0000000;-157336,0000000
1032;0;-2276470,0000000;-157262,0000000
1033;0;-2276410,0000000;-157188,0000000
1034;0;-2276340,0000000;-157114,0000000
1035;0;-2276270,0000000;-157040,0000000
1036;0;-2276210,0000000;-156966,0000000
1037;0;-2276140,0000000;-156892,0000000
1038;0;-2276070,0000000;-156818,0000000
1039;0;-2276000,0000000;-156744,0000000
1040;0;-2275940,0000000;-156670,0000000
1041;0;-2275870,0000000;-156596,0000000
1042;0;-2275800,0000000;-156522,0000000
1043;0;-2275730,0000000;-156448,0000000
1044;0;-2275670,0000000;-156374,0000000
1045;0;-2275600,0000000;-156297,0000000
1046;0;-2275560,0000000;-156208,0000000
1047;0;-2275510,0000000;-156119,0000000
1048;0;-2275470,0000000;-156030,0000000
1049;0;-2275420,0000000;-155941,0000000
1050;0;-2275380,0000000;-155852,0000000
1051;0;-2275330,0000000;-155763,0000000
1052;0;-2275290,0000000;-155673,0000000
1053;0;-2275240,0000000;-155584,0000000
1054;0;-2275200,0000000;-155495,0000000
1055;0;-2275150,0000000;-155406,0000000
1056;0;-2275110,0000000;-155317,0000000
1057;0;-2275060,0000000;-155228,0000000
1058;0;-2275010,0000000;-155138,0000000
1059;0;-2274970,0000000;-155049,0000000
1060;0;-2274920,0000000;-154960,0000000
1061;0;-2274880,0000000;-154871,0000000
1062;0;-2274830,0000000;-154782,0000000
1063;0;-2274790,0000000;-154693,0000000
1064;0;-2274740,0000000;-154604,0000000
1065;0;-2274700,0000000;-154514,0000000
1066;0;-2274650,0000000;-154425,0000000
1067;0;-2274610,0000000;-154336,0000000
1068;0;-2274560,0000000;-154247,0000000
1069;0;-2274520,0000000;-154158,0000000
1070;0;-2274470,0000000;-154069,0000000
1071;0;-2274430,0000000;-153980,0000000
1072;0;-2274380,0000000;-153890,0000000
1073;0;-2274350,0000000;-153796,0000000
1074;0;-2274330,0000000;-153697,0000000
1075;0;-2274310,0000000;-153599,0000000
1076;0;-2274300,0000000;-153501,0000000
1077;0;-2274280,0000000;-153402,0000000
1078;0;-2274260,0000000;-153304,0000000
1079;0;-2274240,0000000;-153206,0000000
1080;0;-2274220,0000000;-153108,0000000
1081;0;-2274200,0000000;-153009,0000000
1082;0;-2274190,0000000;-152911,0000000
1083;0;-2274170,0000000;-152813,0000000
1084;0;-2274150,0000000;-152714,0000000
1085;0;-2274130,0000000;-152616,0000000
1086;0;-2274110,0000000;-152518,0000000
1087;0;-2274090,0000000;-152420,0000000
1088;0;-2274080,0000000;-152321,0000000
1089;0;-2274060,0000000;-152223,0000000
1090;0;-2274040,0000000;-152125,0000000
1091;0;-2274020,0000000;-152026,0000000
1092;0;-2274000,0000000;-151928,0000000
1093;0;-2273980,0000000;-151830,0000000
1094;0;-2273960,0000000;-151732,0000000
1095;0;-2273950,0000000;-151633,0000000
1096;0;-2273930,0000000;-151535,0000000
1097;0;-2273910,0000000;-151437,0000000
1098;0;-2273890,0000000;-151338,0000000
1099;0;-2273870,0000000;-151240,0000000
1100;0;-2273850,0000000;-151142,0000000
1101;0;-2273840,0000000;-151044,0000000
1102;0;-2273820,0000000;-150945,0000000
1103;0;-2273800,0000000;-150847,0000000
1104;0;-2273780,0000000;-150749,0000000
1105;0;-2273760,0000000;-150650,0000000
1106;0;-2273740,0000000;-150552,0000000
1107;0;-2273730,0000000;-150454,0000000
1108;0;-2273710,0000000;-150356,0000000
1109;0;-2273690,0000000;-150257,0000000
1110;0;-2273670,0000000;-150159,0000000
1111;0;-2273650,0000000;-150061,0000000
1112;0;-2273630,0000000;-149962,0000000
1113;0;-2273610,0000000;-149864,0000000
1114;0;-2273600,0000000;-149766,0000000
1115;0;-2273580,0000000;-149668,0000000
1116;0;-2273560,0000000;-149569,0000000
1117;0;-2273540,0000000;-149471,0000000
1118;0;-2273520,0000000;-149373,0000000
1119;0;-2273500,0000000;-149274,0000000
1120;0;-2273490,0000000;-149176,0000000
1121;0;-2273470,0000000;-149078,0000000
1122;0;-2273450,0000000;-148980,0000000
1123;0;-2273430,0000000;-148881,0000000
1124;0;-2273410,0000000;-148783,0000000
1125;0;-2273390,0000000;-148685,0000000
1126;0;-2273380,0000000;-148586,0000000
1127;0;-2273360,0000000;-148488,0000000
1128;0;-2273340,0000000;-148390,0000000
1129;0;-2273320,0000000;-148292,0000000
1130;0;-2273300,0000000;-148193,0000000
1131;0;-2273280,0000000;-148095,0000000
1132;0;-2273260,0000000;-147997,0000000
1133;0;-2273250,0000000;-147898,0000000
1134;0;-2273230,0000000;-147800,0000000
1135;0;-2273210,0000000;-147702,0000000
1136;0;-2273190,0000000;-147604,0000000
1137;0;-2273170,0000000;-147505,0000000
1138;0;-2273150,0000000;-147407,0000000
1139;0;-2273140,0000000;-147309,0000000
1140;0;-2273120,0000000;-147210,0000000
1141;0;-2273100,0000000;-147112,0000000
1142;0;-2273080,0000000;-147014,0000000
1143;0;-2273060,0000000;-146915,0000000
1144;0;-2273040,0000000;-146817,0000000
1145;0;-2273020,0000000;-146719,0000000
1146;0;-2273010,0000000;-146621,0000000
1147;0;-2272990,0000000;-146522,0000000
1148;0;-2272970,0000000;-146424,0000000
1149;0;-2272950,0000000;-146326,0000000
1150;0;-2272930,0000000;-146227,0000000
1151;0;-2272910,0000000;-146129,0000000
1152;0;-2272900,0000000;-146031,0000000
1153;0;-2272880,0000000;-145933,0000000
1154;0;-2272860,0000000;-145834,0000000
1155;0;-2272870,0000000;-145734,0000000
1156;0;-2272870,0000000;-145634,0000000
1157;0;-2272880,0000000;-145534,0000000
1158;0;-2272880,0000000;-145435,0000000
1159;0;-2272890,0000000;-145335,0000000
1160;0;-2272900,0000000;-145235,0000000
1161;0;-2272900,0000000;-145135,0000000
1162;0;-2272910,0000000;-145035,0000000
1163;0;-2272910,0000000;-144935,0000000
1164;0;-2272920,0000000;-144835,0000000
1165;0;-2272920,0000000;-144736,0000000
1166;0;-2272930,0000000;-144636,0000000
1167;0;-2272930,0000000;-144536,0000000
1168;0;-2272940,0000000;-144436,0000000
1169;0;-2272940,0000000;-144336,0000000
1170;0;-2272950,0000000;-144236,0000000
1171;0;-2272950,0000000;-144136,0000000
1172;0;-2272960,0000000;-144037,0000000
1173;0;-2272960,0000000;-143937,0000000
1174;0;-2272970,0000000;-143837,0000000
1175;0;-2272970,0000000;-143737,0000000
1176;0;-2272980,0000000;-143637,0000000
1177;0;-2272990,0000000;-143537,0000000
1178;0;-2272990,0000000;-143437,0000000
1179;0;-2273000,0000000;-143338,0000000
1180;0;-2273000,0000000;-143238,0000000
1181;0;-2273010,0000000;-143138,0000000
1182;0;-2273010,0000000;-143038,0000000
1183;0;-2273020,0000000;-142938,0000000
1184;0;-2273020,0000000;-142838,0000000
1185;0;-2273030,0000000;-142738,0000000
1186;0;-2273030,0000000;-142639,0000000
1187;0;-2273040,0000000;-142539,0000000